1. N = 17
Random sudoku grid: ...7.15..756...1...41...........3.....9..........1..........6...7..2....5.......9
Solution time: 0:00:03.162722
2 3 8 |7 4 1 |5 9 6 
7 5 6 |3 8 9 |1 2 4 
9 4 1 |2 5 6 |3 7 8 
------+------+------
8 2 5 |4 9 3 |7 6 1 
3 1 9 |6 7 5 |8 4 2 
4 6 7 |8 1 2 |9 5 3 
------+------+------
1 9 2 |5 3 4 |6 8 7 
6 7 3 |9 2 8 |4 1 5 
5 8 4 |1 6 7 |2 3 9 

2. N = 20
Random sudoku grid: ....6...1.3......2..............4.....51...73....8.......3.1....298.6....8.7..65.
Solution time: 0:00:07.703333
2 4 7 |9 6 3 |5 8 1 
1 3 8 |4 7 5 |9 6 2 
5 9 6 |2 1 8 |3 4 7 
------+------+------
9 7 2 |5 3 4 |8 1 6 
8 6 5 |1 2 9 |4 7 3 
4 1 3 |6 8 7 |2 9 5 
------+------+------
6 5 4 |3 9 1 |7 2 8 
7 2 9 |8 5 6 |1 3 4 
3 8 1 |7 4 2 |6 5 9 

3. N = 20
Random sudoku grid: ..1...2...8.7........5........1..43...6..9.2.........77.8..3...3...8........4.3.8
Solution time: 0:00:05.504364
4 3 1 |8 9 6 |2 7 5 
5 8 9 |7 1 2 |6 4 3 
2 6 7 |5 3 4 |1 8 9 
------+------+------
9 7 5 |1 2 8 |4 3 6 
8 4 6 |3 7 9 |5 2 1 
1 2 3 |4 6 5 |8 9 7 
------+------+------
7 1 8 |2 5 3 |9 6 4 
3 9 4 |6 8 1 |7 5 2 
6 5 2 |9 4 7 |3 1 8 

4. N = 20
Random sudoku grid: ....8749.........6..............564..4...39.....2485.....5.........3...1...8...2.
Solution time: 0:00:00.598433
1 2 3 |6 8 7 |4 9 5 
4 5 7 |3 1 9 |2 8 6 
6 8 9 |4 5 2 |1 3 7 
------+------+------
2 3 1 |7 9 5 |6 4 8 
5 4 8 |1 6 3 |9 7 2 
7 9 6 |2 4 8 |5 1 3 
------+------+------
3 7 4 |5 2 1 |8 6 9 
8 6 2 |9 3 4 |7 5 1 
9 1 5 |8 7 6 |3 2 4 

5. N = 20
Random sudoku grid: .48.7............8762.....1......834..4.81.2....4........7.............55...3....
Solution time: 0:00:01.294647
1 4 8 |2 7 3 |5 6 9 
3 9 5 |1 4 6 |2 7 8 
7 6 2 |5 9 8 |3 4 1 
------+------+------
2 1 9 |6 5 7 |8 3 4 
6 5 4 |3 8 1 |9 2 7 
8 3 7 |4 2 9 |1 5 6 
------+------+------
9 2 1 |7 6 5 |4 8 3 
4 7 3 |8 1 2 |6 9 5 
5 8 6 |9 3 4 |7 1 2 

6. N = 20
Random sudoku grid: ................4..7.345.....982..1.8.....3......3......84.3.9.94...2.8...5.98..4
Solution time: 0:00:02.129238
2 8 4 |1 6 9 |7 3 5 
5 9 3 |2 8 7 |1 4 6 
6 7 1 |3 4 5 |9 2 8 
------+------+------
3 5 9 |8 2 6 |4 1 7 
8 1 2 |5 7 4 |3 6 9 
4 6 7 |9 3 1 |8 5 2 
------+------+------
7 2 8 |4 5 3 |6 9 1 
9 4 6 |7 1 2 |5 8 3 
1 3 5 |6 9 8 |2 7 4 

7. N = 20
Random sudoku grid: 5........926.....................4.....7.....6..5.32..2.3.1...81.82...9.47.......
Solution time: 0:00:10.971946
5 1 4 |3 2 6 |8 7 9 
9 2 6 |1 7 8 |3 5 4 
3 8 7 |4 5 9 |1 2 6 
------+------+------
7 9 5 |6 8 2 |4 3 1 
8 3 2 |7 4 1 |9 6 5 
6 4 1 |5 9 3 |2 8 7 
------+------+------
2 6 3 |9 1 7 |5 4 8 
1 5 8 |2 6 4 |7 9 3 
4 7 9 |8 3 5 |6 1 2 

8. N = 20
Random sudoku grid: .....5.49.9............9......9.4.8.......9.29..13..5..4.6....5..8.97............
Solution time: 0:00:01.862691
1 2 3 |7 6 5 |8 4 9 
4 9 5 |8 1 2 |3 6 7 
6 8 7 |3 4 9 |5 2 1 
------+------+------
5 7 1 |9 2 4 |6 8 3 
8 3 4 |5 7 6 |9 1 2 
9 6 2 |1 3 8 |7 5 4 
------+------+------
3 4 9 |6 8 1 |2 7 5 
2 5 8 |4 9 7 |1 3 6 
7 1 6 |2 5 3 |4 9 8 

9. N = 20
Random sudoku grid: .2593..7....25.....8.14.....368.9..5......3..................47....85............
Solution time: 0:00:01.146233
1 2 5 |9 3 6 |4 7 8 
7 4 9 |2 5 8 |1 3 6 
6 8 3 |1 4 7 |2 5 9 
------+------+------
4 3 6 |8 2 9 |7 1 5 
2 9 7 |5 6 1 |3 8 4 
5 1 8 |4 7 3 |9 6 2 
------+------+------
3 5 1 |6 9 2 |8 4 7 
9 7 4 |3 8 5 |6 2 1 
8 6 2 |7 1 4 |5 9 3 

10. N = 20
N =  20
Random sudoku grid: 41............2..8....5...........5...4..5........92..762314..5.......6..4....1..
Solution time: 0:00:01.316769
4 1 3 |6 7 8 |5 2 9 
5 9 6 |1 4 2 |3 7 8 
2 7 8 |9 5 3 |6 1 4 
------+------+------
9 2 7 |4 3 1 |8 5 6 
3 8 4 |2 6 5 |7 9 1 
6 5 1 |7 8 9 |2 4 3 
------+------+------
7 6 2 |3 1 4 |9 8 5 
1 3 5 |8 9 7 |4 6 2 
8 4 9 |5 2 6 |1 3 7 
